27271357221255084324537793443996264744604553267670416617055471525879029383752
27271357221255084324537793443996264744604553267670416617055471525879029383762
27271357221255084324537793443996264744604553267670416617055471525879029383776
27271357221255084324537793443996264744604553267670416617055471525879029383786
27271357221255084324537793443996264744604553267670416617055471525879029383787
27271357221255084324537793443996264744604553267670416617055471525879029383799
27271357221255084324537793443996264744604553267670416617055471525879029383811
27271357221255084324537793443996264744604553267670416617055471525879029383819
27271357221255084324537793443996264744604553267670416617055471525879029383829
27271357221255084324537793443996264744604553267670416617055471525879029383837
27271357221255084324537793443996264744604553267670416617055471525879029383848
27271357221255084324537793443996264744604553267670416617055471525879029383858
27271357221255084324537793443996264744604553267670416617055471525879029383859
27271357221255084324537793443996264744604553267670416617055471525879029383861
27271357221255084324537793443996264744604553267670416617055471525879029383868
27271357221255084324537793443996264744604553267670416617055471525879029383869
27271357221255084324537793443996264744604553267670416617055471525879029383871
27271357221255084324537793443996264744604553267670416617055471525879029383896
27271357221255084324537793443996264744604553267670416617055471525879029383904
27271357221255084324537793443996264744604553267670416617055471525879029383913
27271357221255084324537793443996264744604553267670416617055471525879029383915
27271357221255084324537793443996264744604553267670416617055471525879029383933
27271357221255084324537793443996264744604553267670416617055471525879029383943
27271357221255084324537793443996264744604553267670416617055471525879029383948
27271357221255084324537793443996264744604553267670416617055471525879029383952
27271357221255084324537793443996264744604553267670416617055471525879029383956
27271357221255084324537793443996264744604553267670416617055471525879029383977
27271357221255084324537793443996264744604553267670416617055471525879029383979
27271357221255084324537793443996264744604553267670416617055471525879029383984
27271357221255084324537793443996264744604553267670416617055471525879029383988
27271357221255084324537793443996264744604553267670416617055471525879029383990
27271357221255084324537793443996264744604553267670416617055471525879029384001
27271357221255084324537793443996264744604553267670416617055471525879029384016
27271357221255084324537793443996264744604553267670416617055471525879029384018
27271357221255084324537793443996264744604553267670416617055471525879029384022
27271357221255084324537793443996264744604553267670416617055471525879029384029
27271357221255084324537793443996264744604553267670416617055471525879029384036
27271357221255084324537793443996264744604553267670416617055471525879029384059
27271357221255084324537793443996264744604553267670416617055471525879029384062
27271357221255084324537793443996264744604553267670416617055471525879029384072
27271357221255084324537793443996264744604553267670416617055471525879029384091
27271357221255084324537793443996264744604553267670416617055471525879029384095
27271357221255084324537793443996264744604553267670416617055471525879029384099
27271357221255084324537793443996264744604553267670416617055471525879029384102
27271357221255084324537793443996264744604553267670416617055471525879029384110
27271357221255084324537793443996264744604553267670416617055471525879029384131
27271357221255084324537793443996264744604553267670416617055471525879029384138
27271357221255084324537793443996264744604553267670416617055471525879029384141
27271357221255084324537793443996264744604553267670416617055471525879029384145
27271357221255084324537793443996264744604553267670416617055471525879029384152
27271357221255084324537793443996264744604553267670416617055471525879029384162
27271357221255084324537793443996264744604553267670416617055471525879029384191
27271357221255084324537793443996264744604553267670416617055471525879029384201
27271357221255084324537793443996264744604553267670416617055471525879029384204
27271357221255084324537793443996264744604553267670416617055471525879029384217
27271357221255084324537793443996264744604553267670416617055471525879029384220
27271357221255084324537793443996264744604553267670416617055471525879029384221
27271357221255084324537793443996264744604553267670416617055471525879029384225
27271357221255084324537793443996264744604553267670416617055471525879029384227
27271357221255084324537793443996264744604553267670416617055471525879029384233
27271357221255084324537793443996264744604553267670416617055471525879030383746
27271357221255084324537793443996264744604553267670416617055471525879030383749
27271357221255084324537793443996264744604553267670416617055471525879030383757
27271357221255084324537793443996264744604553267670416617055471525879030383762
